No:  residues  hmm_col_1  hmm_col_2  hmm_col_3  hmm_col_4  hmm_col_5  hmm_col_6  hmm_col_7  hmm_col_8  hmm_col_9  hmm_col_10  hmm_col_11  hmm_col_12  hmm_col_13  hmm_col_14  hmm_col_15  hmm_col_16  hmm_col_17  hmm_col_18  hmm_col_19  hmm_col_20  hmm_col_21   hmm_col_22   hmm_col_23   hmm_col_24   hmm_col_25   hmm_col_26   hmm_col_27   hmm_col_28   hmm_col_29   hmm_col_30   
1.0    A  0.581560020773925  0.000000000000000  0.000000000000000  0.068535724286743  0.000000000000000  0.000000000000000  0.039118639332937  0.000000000000000  0.000000000000000  0.000000000000000  0.015898120189104  0.000000000000000  0.036829356494115  0.034939432842683  0.000000000000000  0.073658712988230  0.024860515117341  0.124653906419009  0.000000000000000  0.000000000000000  1.000000000000000  0.000000000000000  0.000000000000000  0.000000000000000  0.000000000000000  0.000000000000000  0.000000000000000  0.172300644121954  1.000000000000000  1.000000000000000 
2.0    P  0.023963791557392  0.000000000000000  0.026314467300263  0.027872766231878  0.000000000000000  0.071843428002167  0.038687196588670  0.000000000000000  0.087777804733625  0.000000000000000  0.000000000000000  0.000000000000000  0.445346450303340  0.022112408755104  0.000000000000000  0.035402621415494  0.181117769319360  0.039637231228933  0.000000000000000  0.000000000000000  1.000000000000000  0.000000000000000  0.000000000000000  0.000000000000000  0.000000000000000  0.000000000000000  0.000000000000000  0.171704529178703  1.000000000000000  1.000000000000000 
3.0    S  0.187115373349086  0.000000000000000  0.000000000000000  0.049070507417098  0.000000000000000  0.000000000000000  0.000000000000000  0.000000000000000  0.000000000000000  0.032396909406866  0.000000000000000  0.018723578458428  0.420739741142690  0.067498534989555  0.000000000000000  0.224377512666815  0.000000000000000  0.000000000000000  0.000000000000000  0.000000000000000  0.959929261038908  0.040134869030920  0.000000000000000  0.304602565918798  0.695440985854994  0.000000000000000  0.000000000000000  0.159873197659679  0.496890546661277  1.000000000000000 
4.0    S  0.062630100317477  0.000000000000000  0.009459633468364  0.000000000000000  0.000000000000000  0.065835064747177  0.000000000000000  0.000000000000000  0.088818252698835  0.000000000000000  0.000000000000000  0.152301282959399  0.006015915423719  0.014140725982545  0.032803646363221  0.469435873657726  0.094339123032535  0.004245058056742  0.000000000000000  0.000000000000000  0.997922718999051  0.000000000000000  0.002054495662508  0.000000000000000  0.000000000000000  0.000000000000000  0.000000000000000  0.121919432690955  1.000000000000000  1.000000000000000 
5.0    G  0.040079268836320  0.000000000000000  0.000000000000000  0.015030116479137  0.041206050452886  0.261340025051291  0.000000000000000  0.000000000000000  0.151984910397887  0.000000000000000  0.000000000000000  0.052410511527558  0.022530138616566  0.280874975757911  0.000000000000000  0.110567554416443  0.015399208389678  0.008602668735140  0.000000000000000  0.000000000000000  0.990342871933025  0.000000000000000  0.009875024206663  0.000000000000000  0.000000000000000  0.000000000000000  1.000000000000000  0.122173220801351  1.000000000000000  0.499653546495226 
6.0    R  0.042364510212500  0.019397304555096  0.006223750752231  0.038633601903780  0.035797434311867  0.111955708761356  0.010124538792448  0.028008334361544  0.044842172956459  0.039912929974856  0.000000000000000  0.016447361792335  0.025683755852964  0.030948214747907  0.072947381363654  0.069685388670481  0.035378090690959  0.371645746107754  0.000000000000000  0.000000000000000  0.955282936382437  0.044904380517002  0.000000000000000  0.502431910211893  0.497579860910041  0.667574151647954  0.332171453524128  0.116306207212877  0.485990493990676  0.496890546661277 
7.0    G  0.040638754579640  0.000000000000000  0.000000000000000  0.012293163208649  0.000000000000000  0.174705871481383  0.004799167892366  0.000000000000000  0.010294374622923  0.000000000000000  0.023864335905636  0.009049162548396  0.038580081465423  0.039172906888772  0.026793001144818  0.603321959860381  0.002379707546241  0.000000000000000  0.000000000000000  0.013984766733250  0.965267024871757  0.034458411345904  0.000000000000000  0.142595464483553  0.857376036634172  1.000000000000000  0.000000000000000  0.101672399766516  0.476649272644080  0.500000000000000 
8.0    G  0.018504243935213  0.000000000000000  0.000000000000000  0.106137030805855  0.000000000000000  0.126569350918812  0.009232902710425  0.000000000000000  0.079164640857701  0.013102627881890  0.000000000000000  0.000000000000000  0.035747842912619  0.487677730763821  0.061171353149840  0.050800975124020  0.000000000000000  0.011915637916065  0.000000000000000  0.000000000000000  0.942131273904809  0.057951909152216  0.000000000000000  0.094012734461793  0.906261938267334  0.000000000000000  0.000000000000000  0.068393356328796  0.468136123717246  1.000000000000000 
9.0    N  0.081899587741148  0.000000000000000  0.018542762463383  0.043434944370073  0.000000000000000  0.000000000000000  0.013649576498698  0.068869069742288  0.046455718263469  0.005831165559754  0.000000000000000  0.618995145418723  0.000000000000000  0.000000000000000  0.000000000000000  0.034149304346905  0.006492545793700  0.061853541025950  0.000000000000000  0.000000000000000  0.951977908497532  0.047960815500028  0.000000000000000  0.070756181381917  0.929160674250913  0.000000000000000  0.000000000000000  0.059416193826864  0.466839972457657  1.000000000000000 
10.0    Y  0.014278616409834  0.032419373017675  0.006881791985367  0.000000000000000  0.153360622156726  0.000000000000000  0.000000000000000  0.005339794734148  0.000000000000000  0.045373696246997  0.043828101582575  0.030269318413332  0.000000000000000  0.010569126805080  0.000000000000000  0.019103754338939  0.000000000000000  0.000000000000000  0.024637505439259  0.613867841957530  1.000000000000000  0.000000000000000  0.000000000000000  0.000000000000000  0.000000000000000  0.000000000000000  0.000000000000000  0.056172195413189  1.000000000000000  1.000000000000000 
11.0    P  0.007254037908646  0.000000000000000  0.000000000000000  0.000000000000000  0.000000000000000  0.000000000000000  0.000000000000000  0.013443009853304  0.000000000000000  0.012081974022739  0.000000000000000  0.000000000000000  0.957935218222696  0.009565128065627  0.000000000000000  0.000000000000000  0.000000000000000  0.000000000000000  0.000000000000000  0.000000000000000  0.978741650397436  0.020948634243443  0.000000000000000  1.000000000000000  0.000000000000000  0.000000000000000  0.000000000000000  0.050695447223565  0.485317234884773  1.000000000000000 
12.0    V  0.053215856734309  0.000000000000000  0.000000000000000  0.000000000000000  0.014936645587402  0.000000000000000  0.011226095129250  0.587638164209885  0.007254037908646  0.052410511527558  0.013443009853304  0.007737053686977  0.000000000000000  0.000000000000000  0.004089102663963  0.023568438698228  0.000000000000000  0.198470982732913  0.000000000000000  0.025898278265250  0.928516852306729  0.071347169195423  0.000000000000000  1.000000000000000  0.000000000000000  0.000000000000000  0.000000000000000  0.050695447223565  0.455334916795989  1.000000000000000 
13.0    Q  0.002443220859596  0.006702894768974  0.000000000000000  0.006306258394568  0.000000000000000  0.025772923394065  0.000000000000000  0.130127699710514  0.000000000000000  0.052848267961095  0.043646204139606  0.005493723437161  0.000000000000000  0.251390145099617  0.014926295880976  0.037214276542655  0.008644510571033  0.414659772907221  0.000000000000000  0.000000000000000  1.000000000000000  0.000000000000000  0.000000000000000  0.000000000000000  0.000000000000000  0.000000000000000  0.000000000000000  0.050310383601320  1.000000000000000  1.000000000000000 
14.0    Q  0.026830169888680  0.000000000000000  0.029258507732328  0.000000000000000  0.000000000000000  0.014864348067684  0.045373696246997  0.046359216682535  0.023470623858452  0.017433426911328  0.000000000000000  0.124567532853483  0.000000000000000  0.358488812003957  0.117034030929312  0.022765611154656  0.087960523457837  0.085555238318240  0.000000000000000  0.000000000000000  0.995849753094458  0.004313276746731  0.000000000000000  0.500000000000000  0.500000000000000  0.000000000000000  0.000000000000000  0.048630323534714  0.500000000000000  1.000000000000000 
15.0    I  0.035624164771671  0.000000000000000  0.054598305994793  0.022158438057492  0.000000000000000  0.072846324883410  0.012577595900330  0.076627178753322  0.037838533873455  0.064793818813733  0.028517671516983  0.309712174445977  0.000000000000000  0.071396640428034  0.036046425158126  0.014782150730087  0.083273426568251  0.079274462457867  0.000000000000000  0.000000000000000  0.924022572446823  0.069012427947693  0.006730829372750  1.000000000000000  0.000000000000000  1.000000000000000  0.000000000000000  0.048160694272400  0.435577096071128  0.500000000000000 
16.0    G  0.284598507268719  0.022005378545501  0.029016151634585  0.000000000000000  0.000000000000000  0.151564102382717  0.000000000000000  0.015061403245948  0.000000000000000  0.074068298183849  0.000000000000000  0.078945453865362  0.057791454882106  0.204192247777506  0.048260945818237  0.016642315678022  0.000000000000000  0.017886315009354  0.000000000000000  0.000000000000000  0.485317234884773  0.514770041716999  0.000000000000000  0.987600861445373  0.012073602338250  1.000000000000000  0.000000000000000  0.048664043191354  0.210807777562528  0.500000000000000 
17.0    G  0.014298424501999  0.000000000000000  0.000000000000000  0.000000000000000  0.000000000000000  0.789493886700555  0.000000000000000  0.000000000000000  0.000000000000000  0.000000000000000  0.018866884241977  0.034339194299277  0.000000000000000  0.087716982877442  0.040836414184162  0.000000000000000  0.000000000000000  0.014680042956469  0.000000000000000  0.000000000000000  0.995159721820083  0.005136495157051  0.000000000000000  1.000000000000000  0.000000000000000  0.000000000000000  0.000000000000000  0.049036506118547  0.498961359499525  1.000000000000000 
18.0    N  0.029523345031163  0.000000000000000  0.000000000000000  0.011010318399547  0.000000000000000  0.138312169136534  0.012225184089633  0.005478512697822  0.000000000000000  0.000000000000000  0.003690418128895  0.164824201811546  0.019859870145401  0.467811748915700  0.030905341136904  0.037603219562484  0.048361406048200  0.030628106729433  0.000000000000000  0.000000000000000  0.996540262827868  0.000000000000000  0.003690418128895  0.000000000000000  0.000000000000000  0.000000000000000  0.000000000000000  0.049480366616954  1.000000000000000  1.000000000000000 
19.0    Y  0.044935516651467  0.000000000000000  0.000000000000000  0.000000000000000  0.039609766313576  0.007218926347241  0.013994463595170  0.023781771575615  0.026332713421973  0.003752323687318  0.379191886343611  0.016898043179432  0.129947429396910  0.018300159081544  0.101180277068426  0.000000000000000  0.000000000000000  0.010416395914775  0.082354996983384  0.102166916061035  0.957935218222696  0.008263679403269  0.033936933010072  1.000000000000000  0.000000000000000  1.000000000000000  0.000000000000000  0.049172652834598  0.496890546661277  0.500000000000000 
20.0    V  0.040978187944239  0.000000000000000  0.006606033495137  0.037291741969741  0.000000000000000  0.008326927625531  0.011280696840020  0.040949793870574  0.000000000000000  0.012499377005199  0.001707380117989  0.054146053525005  0.020803931456818  0.089374061647606  0.074842419038683  0.078508898821470  0.123707082051901  0.398872619904516  0.000000000000000  0.000000000000000  1.000000000000000  0.000000000000000  0.000000000000000  1.000000000000000  0.000000000000000  0.000000000000000  1.000000000000000  0.051796556530500  0.494142825750366  0.481297221550876 
21.0    H  0.000000000000000  0.000000000000000  0.000000000000000  0.000000000000000  0.086990399489444  0.000000000000000  0.583983697306559  0.008838394240984  0.000000000000000  0.011710934388715  0.000000000000000  0.006698250286204  0.023617498879941  0.039336161672027  0.000000000000000  0.006099894473495  0.006702894768974  0.000000000000000  0.078020659306351  0.148136596367698  1.000000000000000  0.000000000000000  0.000000000000000  0.000000000000000  0.000000000000000  0.000000000000000  1.000000000000000  0.051940366349603  1.000000000000000  0.481297221550876 
22.0    L  0.000000000000000  0.000000000000000  0.071297732241776  0.043919334381460  0.000000000000000  0.012595044242078  0.002414600118986  0.016827912128016  0.051904376505681  0.020319377289820  0.016862941195382  0.024214247842474  0.029197729590099  0.429282718218877  0.081899587741148  0.047629525948118  0.035747842912619  0.115903818304433  0.000000000000000  0.000000000000000  0.983502074026248  0.016676958406874  0.000000000000000  0.396941965465826  0.602903913845380  0.000000000000000  1.000000000000000  0.051940366349603  0.495858365369147  0.481297221550876 
23.0    P  0.287772372831941  0.011509747545441  0.000000000000000  0.006665828891501  0.000000000000000  0.020446532366485  0.000000000000000  0.000000000000000  0.000000000000000  0.008765183441644  0.000000000000000  0.032758202359904  0.492433221447775  0.009916178797030  0.020703234641331  0.105257869201052  0.000000000000000  0.003700664338278  0.000000000000000  0.000000000000000  0.988285651500733  0.011825131195075  0.000000000000000  0.107693269964002  0.892546971472977  0.453445164466571  0.546767728742316  0.051581588032041  0.498615625676035  0.481297221550876 
24.0    L  0.000000000000000  0.000000000000000  0.064301669243348  0.000000000000000  0.042217940141739  0.000000000000000  0.000000000000000  0.210661707375788  0.000000000000000  0.428688018317086  0.099856489556144  0.000000000000000  0.019559319666469  0.000000000000000  0.000000000000000  0.000000000000000  0.000000000000000  0.111028349480301  0.000000000000000  0.023666661185578  1.000000000000000  0.000000000000000  0.000000000000000  0.000000000000000  0.000000000000000  0.000000000000000  1.000000000000000  0.050555084272609  1.000000000000000  0.492092011016900 
25.0    S  0.018312848182414  0.000000000000000  0.047828024056958  0.052192994964273  0.005055256462824  0.018504243935213  0.008832270055661  0.013433695097547  0.000000000000000  0.063990431276778  0.000000000000000  0.060748811748835  0.016515906883772  0.002134331521682  0.008614602836476  0.568802613936252  0.073251392729657  0.009175484150107  0.010843693117309  0.021853376292788  0.988285651500733  0.000000000000000  0.011833330592789  0.000000000000000  0.000000000000000  0.000000000000000  1.000000000000000  0.050380176968310  1.000000000000000  0.492092011016900 
26.0    P  0.014258835758491  0.000000000000000  0.000000000000000  0.000000000000000  0.000000000000000  0.000000000000000  0.008936960728155  0.000000000000000  0.000000000000000  0.000000000000000  0.031120304784202  0.000000000000000  0.800514810656303  0.000000000000000  0.014268722656437  0.045879707376066  0.076893209046947  0.008071206153782  0.000000000000000  0.000000000000000  1.000000000000000  0.000000000000000  0.000000000000000  0.000000000000000  0.000000000000000  0.297095776264233  0.702709350103360  0.050942020775164  1.000000000000000  0.483303048532487 
27.0    R  0.023601134149419  0.000000000000000  0.000000000000000  0.000000000000000  0.008614602836476  0.029116888415774  0.000000000000000  0.003129179209334  0.111568371434122  0.012015162744299  0.000000000000000  0.000000000000000  0.006345721846533  0.009181846315779  0.721964597761248  0.003223849252003  0.032195436050627  0.038821508805764  0.000000000000000  0.000000000000000  1.000000000000000  0.000000000000000  0.000000000000000  0.000000000000000  0.000000000000000  0.000000000000000  1.000000000000000  0.050101583087462  1.000000000000000  0.489710148793463 
28.0    T  0.045060277233132  0.000000000000000  0.000000000000000  0.000000000000000  0.000000000000000  0.053252755942179  0.000000000000000  0.043045313949473  0.000000000000000  0.042747978246953  0.039363436873356  0.015744590006414  0.037864770638445  0.064168096607500  0.000000000000000  0.023260082111977  0.605836330215122  0.029831906691866  0.000000000000000  0.000000000000000  0.982139595263391  0.017799740269096  0.000000000000000  0.253314225039771  0.746389191648477  0.144586022988161  0.855595025682602  0.050101583087462  0.495171435966512  0.489710148793463 
29.0    L  0.012726680672972  0.000000000000000  0.000000000000000  0.000000000000000  0.085733330536912  0.000000000000000  0.000000000000000  0.047497651762547  0.000000000000000  0.699792932797598  0.000000000000000  0.000000000000000  0.019263317585372  0.000000000000000  0.000000000000000  0.006345721846533  0.000000000000000  0.077912574642194  0.000000000000000  0.050660319992832  1.000000000000000  0.000000000000000  0.000000000000000  0.000000000000000  0.000000000000000  1.000000000000000  0.000000000000000  0.046359216682535  1.000000000000000  0.492092011016900 
30.0    N  0.079881210200191  0.000000000000000  0.014823192424070  0.021567458646822  0.000000000000000  0.032061817041786  0.005255340658288  0.018186352100033  0.139177702278586  0.000000000000000  0.000000000000000  0.478304079045937  0.018945512797840  0.090058109302370  0.000000000000000  0.023421868777430  0.062716984281844  0.000000000000000  0.000000000000000  0.015538596385519  1.000000000000000  0.000000000000000  0.000000000000000  0.000000000000000  0.000000000000000  0.000000000000000  0.000000000000000  0.044656066866909  1.000000000000000  1.000000000000000 
31.0    A  0.599154510669709  0.015474107373954  0.010202029586632  0.000000000000000  0.000000000000000  0.025190088484155  0.000000000000000  0.127184961512836  0.000000000000000  0.000000000000000  0.000000000000000  0.000000000000000  0.005186582649931  0.064123634083571  0.003938876776932  0.008015454260446  0.130398574191232  0.011202775375124  0.000000000000000  0.000000000000000  0.982820598545251  0.017003788151106  0.000000000000000  0.099995016041594  0.900001929793512  0.000000000000000  0.000000000000000  0.044594203303684  0.492092011016900  1.000000000000000 
32.0    W  0.018645870984871  0.012040173568100  0.000000000000000  0.000000000000000  0.039363436873356  0.010358795002333  0.000000000000000  0.000000000000000  0.000000000000000  0.058314561971050  0.026571067502006  0.000000000000000  0.000000000000000  0.000000000000000  0.004355336791905  0.000000000000000  0.000000000000000  0.000000000000000  0.830470024090894  0.000000000000000  0.981459063853479  0.018645870984871  0.000000000000000  1.000000000000000  0.000000000000000  0.000000000000000  0.000000000000000  0.044594203303684  0.495858365369147  1.000000000000000 
33.0    V  0.052410511527558  0.000000000000000  0.000000000000000  0.010358795002333  0.000000000000000  0.029605314706227  0.000000000000000  0.048562954299003  0.000000000000000  0.025347723611783  0.063109456099793  0.000000000000000  0.000000000000000  0.064123634083571  0.000000000000000  0.031664278129971  0.000000000000000  0.675018992561373  0.000000000000000  0.000000000000000  1.000000000000000  0.000000000000000  0.000000000000000  0.000000000000000  0.000000000000000  0.000000000000000  0.000000000000000  0.044594203303684  1.000000000000000  1.000000000000000 
34.0    K  0.015843116871719  0.000000000000000  0.064168096607500  0.078508898821470  0.017385158134138  0.000000000000000  0.000000000000000  0.015538596385519  0.634195699662934  0.000000000000000  0.000000000000000  0.079770548051810  0.000000000000000  0.005399344556752  0.028557232819669  0.035060733766578  0.025524030972188  0.000000000000000  0.000000000000000  0.000000000000000  1.000000000000000  0.000000000000000  0.000000000000000  0.000000000000000  0.000000000000000  0.000000000000000  0.000000000000000  0.045816148662163  1.000000000000000  1.000000000000000 
35.0    L  0.150621539374348  0.023243965038039  0.000000000000000  0.012284645189693  0.000000000000000  0.019236631458514  0.014348065035952  0.029380443828410  0.071943093207985  0.082698214994258  0.000000000000000  0.000000000000000  0.000000000000000  0.035772630018709  0.017169597149639  0.009264957026648  0.068062313458507  0.462011286223412  0.000000000000000  0.003930694623038  0.924663278113700  0.026405824512891  0.048799155787962  1.000000000000000  0.000000000000000  0.000000000000000  0.000000000000000  0.045816148662163  0.487339815445774  1.000000000000000 
36.0    I  0.104966436618018  0.000000000000000  0.000000000000000  0.006372167916711  0.010701820155981  0.003881957395791  0.000000000000000  0.390934821564297  0.009112104451472  0.014397877909355  0.031163476604752  0.000000000000000  0.014761672515581  0.000000000000000  0.000000000000000  0.000000000000000  0.068251284109103  0.345558051632146  0.000000000000000  0.000000000000000  0.959929261038908  0.039774841727373  0.000000000000000  0.673616788432845  0.326238736922239  1.000000000000000  0.000000000000000  0.051796556530500  0.454074208860755  0.467163673441590 
37.0    E  0.004462290026752  0.000000000000000  0.008361630456458  0.656105627295980  0.000000000000000  0.037681494615336  0.000000000000000  0.000000000000000  0.050136322897030  0.000000000000000  0.000000000000000  0.015399208389678  0.000000000000000  0.133323222603971  0.077106698113094  0.000000000000000  0.000000000000000  0.017689045345479  0.000000000000000  0.000000000000000  0.992404374685819  0.007855942034363  0.000000000000000  1.000000000000000  0.000000000000000  0.000000000000000  0.000000000000000  0.048596627242660  0.494485458190466  1.000000000000000 
38.0    E  0.011998517732048  0.000000000000000  0.056250120612095  0.663422570298581  0.000000000000000  0.025934205799687  0.077912574642194  0.000000000000000  0.026387527731993  0.016243428674614  0.000000000000000  0.022498926851792  0.000000000000000  0.031185084968720  0.019695365493484  0.015441963304699  0.021732530807969  0.011461979251307  0.000000000000000  0.000000000000000  0.974679630891549  0.000000000000000  0.025120343460723  0.000000000000000  0.000000000000000  0.000000000000000  0.000000000000000  0.050310383601320  1.000000000000000  1.000000000000000 
39.0    K  0.000000000000000  0.000000000000000  0.000000000000000  0.031423768137452  0.000000000000000  0.164709993966768  0.034291623049351  0.000000000000000  0.649319301364942  0.000000000000000  0.000000000000000  0.063504383937106  0.003118353071706  0.000000000000000  0.046520164223954  0.000000000000000  0.007016659163156  0.000000000000000  0.000000000000000  0.000000000000000  1.000000000000000  0.000000000000000  0.000000000000000  0.000000000000000  0.000000000000000  0.488692883205403  0.511214265304961  0.050415109951383  1.000000000000000  0.480963727332387 
40.0    K  0.385552706351985  0.000000000000000  0.000000000000000  0.000000000000000  0.000000000000000  0.197647279150986  0.000000000000000  0.015711884068726  0.152406886759538  0.125347054487635  0.010919116967586  0.041091961256408  0.000000000000000  0.000000000000000  0.021732530807969  0.017241152188156  0.000000000000000  0.032307210507749  0.000000000000000  0.000000000000000  1.000000000000000  0.000000000000000  0.000000000000000  0.000000000000000  0.000000000000000  0.000000000000000  1.000000000000000  0.049928244778072  1.000000000000000  0.492774668469685 
41.0    F  0.000000000000000  0.000000000000000  0.029197729590099  0.000000000000000  0.654742711541783  0.053289680735497  0.011776053980925  0.012985091587401  0.000000000000000  0.092077980363530  0.000000000000000  0.000000000000000  0.000000000000000  0.000000000000000  0.012199788946990  0.011654250208527  0.000000000000000  0.096655792181915  0.017775081685508  0.007365504186861  0.916368644675351  0.067685940345370  0.016131227116926  1.000000000000000  0.000000000000000  0.000000000000000  1.000000000000000  0.049928244778072  0.445346450303340  0.492774668469685 
42.0    G  0.040554336466849  0.001977646108106  0.050520054300348  0.000000000000000  0.000000000000000  0.159651719899424  0.031576607702711  0.005558841645448  0.024826075003003  0.024981432198515  0.000000000000000  0.103449602009776  0.000000000000000  0.015646675870490  0.012199788946990  0.494828328207603  0.034410674940561  0.000000000000000  0.000000000000000  0.000000000000000  1.000000000000000  0.000000000000000  0.000000000000000  0.000000000000000  0.000000000000000  0.000000000000000  1.000000000000000  0.053996136712517  1.000000000000000  0.479632059662632 
43.0    A  0.157017797642941  0.000000000000000  0.011800567074710  0.141806935616994  0.000000000000000  0.000000000000000  0.046941247716904  0.000000000000000  0.027355979052946  0.016198454703433  0.000000000000000  0.010096506489355  0.558643569036110  0.000000000000000  0.011932167952818  0.007667648936355  0.010627897284422  0.000000000000000  0.000000000000000  0.000000000000000  1.000000000000000  0.000000000000000  0.000000000000000  0.000000000000000  0.000000000000000  0.719965659257343  0.280097303548544  0.053586002289636  1.000000000000000  0.479632059662632 
44.0    E  0.085911793473252  0.000000000000000  0.054371709544291  0.695440985854994  0.000000000000000  0.004086269296065  0.032284824615129  0.000000000000000  0.037240080455439  0.000000000000000  0.000000000000000  0.003181670168243  0.013811367672870  0.006293158523818  0.027185854772145  0.027911432886024  0.012310216969521  0.000000000000000  0.000000000000000  0.000000000000000  0.959929261038908  0.009936820365184  0.029894004940371  1.000000000000000  0.000000000000000  0.000000000000000  1.000000000000000  0.049893649147291  0.495171435966512  0.497924876547229 
45.0    V  0.077481731246187  0.025190088484155  0.000000000000000  0.015474107373954  0.064973714698455  0.004413075056915  0.000000000000000  0.085673925311231  0.006315006787543  0.035182455816774  0.012065236454559  0.013888166893228  0.000000000000000  0.000000000000000  0.000000000000000  0.066292983835514  0.057392260143808  0.535515411595727  0.000000000000000  0.000000000000000  0.995159721820083  0.004578212045604  0.000000000000000  1.000000000000000  0.000000000000000  0.136313466583157  0.863938187400277  0.051617354058483  0.494485458190466  0.467811748915700 
46.0    V  0.015920174947136  0.000000000000000  0.000000000000000  0.065154110052570  0.000000000000000  0.012065236454559  0.000000000000000  0.500693627855667  0.000000000000000  0.024569290379385  0.000000000000000  0.047728671811272  0.000000000000000  0.020631606890859  0.000000000000000  0.004552895305213  0.006319385534076  0.302498522304823  0.000000000000000  0.000000000000000  1.000000000000000  0.000000000000000  0.000000000000000  0.000000000000000  0.000000000000000  0.000000000000000  1.000000000000000  0.051940366349603  1.000000000000000  0.472701058375372 
47.0    P  0.048832992510770  0.000000000000000  0.000000000000000  0.000000000000000  0.000000000000000  0.014229216149875  0.012404436420807  0.000000000000000  0.000000000000000  0.067311648512066  0.000000000000000  0.095921631000055  0.629814989973700  0.000000000000000  0.050906722691888  0.010949433195943  0.069830446129514  0.000000000000000  0.000000000000000  0.000000000000000  1.000000000000000  0.000000000000000  0.000000000000000  0.333324669272800  0.666649338545599  0.000000000000000  1.000000000000000  0.051940366349603  0.479632059662632  0.472701058375372 
48.0    G  0.000000000000000  0.000000000000000  0.000000000000000  0.004552895305213  0.013888166893228  0.106579361470995  0.028183605574445  0.046649324478030  0.002071655744860  0.119079749755492  0.481964903870322  0.012404436420807  0.000000000000000  0.065154110052570  0.012065236454559  0.000000000000000  0.000000000000000  0.000000000000000  0.067311648512066  0.040023745666555  1.000000000000000  0.000000000000000  0.000000000000000  0.000000000000000  0.000000000000000  1.000000000000000  0.000000000000000  0.051940366349603  1.000000000000000  0.472701058375372 
49.0    F  0.011654250208527  0.000000000000000  0.000000000000000  0.000000000000000  0.732550437305669  0.000000000000000  0.000000000000000  0.025934205799687  0.007026393063654  0.126131454230585  0.000000000000000  0.000000000000000  0.000000000000000  0.000000000000000  0.000000000000000  0.026114592466308  0.000000000000000  0.050066867349351  0.020617311105826  0.000000000000000  0.982139595263391  0.000953816922815  0.016792955825867  1.000000000000000  0.000000000000000  0.000000000000000  0.000000000000000  0.050171086794747  0.500000000000000  1.000000000000000 
50.0    Q  0.068109507013333  0.000000000000000  0.000000000000000  0.000000000000000  0.027508094173848  0.132769898311922  0.000000000000000  0.006510571930931  0.000000000000000  0.026479138592066  0.040190546357206  0.000000000000000  0.006210822273039  0.196418129166895  0.000000000000000  0.340092713101489  0.143487801731875  0.002658816633788  0.009658400475945  0.000000000000000  0.990342871933025  0.009950605275988  0.000000000000000  0.653835674268380  0.346277367027731  1.000000000000000  0.000000000000000  0.059169601952295  0.480963727332387  0.492092011016900 
51.0    A  0.715984370600572  0.000000000000000  0.000000000000000  0.012098734810207  0.000000000000000  0.000000000000000  0.010337276874282  0.055900306361413  0.000000000000000  0.031098741306878  0.000000000000000  0.000000000000000  0.000000000000000  0.008021012075937  0.000000000000000  0.024416496255385  0.000000000000000  0.085200162955157  0.000000000000000  0.056916864599499  0.990342871933025  0.000000000000000  0.009551877169469  0.000000000000000  0.000000000000000  1.000000000000000  0.000000000000000  0.059005776196891  1.000000000000000  0.500000000000000 
52.0    L  0.000000000000000  0.000000000000000  0.000000000000000  0.000000000000000  0.080492601844364  0.000000000000000  0.008338479203437  0.125173406963917  0.000000000000000  0.681129017320244  0.000000000000000  0.000000000000000  0.005295563776563  0.000000000000000  0.000000000000000  0.012717862266726  0.011932167952818  0.000000000000000  0.000000000000000  0.075050214217826  1.000000000000000  0.000000000000000  0.000000000000000  0.000000000000000  0.000000000000000  1.000000000000000  0.000000000000000  0.060917476930722  1.000000000000000  0.494142825750366 
53.0    S  0.090684512989636  0.000000000000000  0.000000000000000  0.017738157846032  0.000000000000000  0.000000000000000  0.000000000000000  0.018932385319223  0.000000000000000  0.000000000000000  0.015345931175990  0.000000000000000  0.006142322594846  0.000000000000000  0.000000000000000  0.733058378594605  0.110337874536332  0.000000000000000  0.000000000000000  0.007982188146205  1.000000000000000  0.000000000000000  0.000000000000000  0.000000000000000  0.000000000000000  0.000000000000000  0.000000000000000  0.060706718471352  1.000000000000000  1.000000000000000 
54.0    E  0.101884041550328  0.000000000000000  0.041406469282663  0.605416541975277  0.000000000000000  0.006040987011370  0.009538644630228  0.015953314464175  0.021747599872361  0.000000000000000  0.000000000000000  0.000000000000000  0.009978232493714  0.026755883892077  0.021196942616370  0.000000000000000  0.086090627898946  0.054108535344979  0.000000000000000  0.000000000000000  1.000000000000000  0.000000000000000  0.000000000000000  0.000000000000000  0.000000000000000  0.000000000000000  0.000000000000000  0.060706718471352  1.000000000000000  1.000000000000000 
55.0    G  0.030374405874417  0.000000000000000  0.120407736752519  0.011079219028746  0.000000000000000  0.595015848153338  0.000000000000000  0.005273585879386  0.013975076590353  0.000000000000000  0.000000000000000  0.086449414313185  0.006420938963241  0.000000000000000  0.044439919080852  0.004250947037777  0.057951909152216  0.024467321758017  0.000000000000000  0.000000000000000  1.000000000000000  0.000000000000000  0.000000000000000  0.000000000000000  0.000000000000000  0.000000000000000  0.000000000000000  0.060664654360597  1.000000000000000  1.000000000000000 
56.0    C  0.457232544749951  0.218090676442690  0.000000000000000  0.000000000000000  0.030670595745421  0.015733680469636  0.000000000000000  0.000000000000000  0.000000000000000  0.153042049050026  0.005291894443302  0.000000000000000  0.006628967982077  0.000000000000000  0.003876579588616  0.021823102069803  0.011438169499575  0.006074578405332  0.056798632278033  0.013276328111541  0.991716730738293  0.008104843254419  0.000000000000000  1.000000000000000  0.000000000000000  0.000000000000000  0.000000000000000  0.060622619396358  0.500000000000000  1.000000000000000 
57.0    T  0.002828004242929  0.000000000000000  0.000000000000000  0.000000000000000  0.000000000000000  0.000000000000000  0.027355979052946  0.101954686667376  0.000000000000000  0.038181034427297  0.000000000000000  0.005535771080110  0.009999003233159  0.000000000000000  0.024620433939042  0.039172906888772  0.703196599956560  0.047333322371155  0.000000000000000  0.000000000000000  1.000000000000000  0.000000000000000  0.000000000000000  0.000000000000000  0.000000000000000  0.000000000000000  0.000000000000000  0.061128967090459  1.000000000000000  1.000000000000000 
58.0    P  0.033516144275561  0.000000000000000  0.000000000000000  0.000000000000000  0.000000000000000  0.000000000000000  0.000000000000000  0.000000000000000  0.015239929086369  0.000000000000000  0.000000000000000  0.000000000000000  0.676424115525137  0.077213664820433  0.000000000000000  0.182630547318209  0.015187202937209  0.000000000000000  0.000000000000000  0.000000000000000  0.969289816935065  0.030777076340486  0.000000000000000  0.119493164699218  0.880259013563151  0.000000000000000  0.000000000000000  0.061128967090459  0.478304079045937  1.000000000000000 
59.0    Y  0.001887902533330  0.000000000000000  0.017836792298856  0.112969090843886  0.000000000000000  0.000000000000000  0.032690154368517  0.011477879947487  0.054863862350595  0.016933218231950  0.015040538173465  0.000000000000000  0.009335868787944  0.292396916012987  0.019183370061173  0.036271997324491  0.102948877158447  0.017027376753333  0.007213924302573  0.251913440102626  1.000000000000000  0.000000000000000  0.000000000000000  0.000000000000000  0.000000000000000  0.000000000000000  0.000000000000000  0.060875266783953  1.000000000000000  1.000000000000000 
60.0    D  0.000000000000000  0.000000000000000  0.738669031791280  0.134436798807172  0.000000000000000  0.000000000000000  0.000000000000000  0.015239929086369  0.012352954946937  0.010387555532670  0.000000000000000  0.010082519456655  0.000000000000000  0.008116086744513  0.062111318332660  0.000000000000000  0.000000000000000  0.000000000000000  0.000000000000000  0.008838394240984  1.000000000000000  0.000000000000000  0.000000000000000  0.000000000000000  0.000000000000000  0.000000000000000  0.000000000000000  0.059292769696278  1.000000000000000  1.000000000000000 
61.0    I  0.018287478773040  0.000000000000000  0.000000000000000  0.000000000000000  0.068773663085384  0.000000000000000  0.000000000000000  0.345797657252741  0.000000000000000  0.379981214100379  0.120993378361717  0.000000000000000  0.009459633468364  0.020137103601328  0.000000000000000  0.000000000000000  0.002401247787607  0.025970183174801  0.008116086744513  0.000000000000000  0.994470168673214  0.005486112795852  0.000000000000000  0.166662334636400  0.833353207159218  0.000000000000000  0.000000000000000  0.059292769696278  0.499653546495226  1.000000000000000 
62.0    N  0.061596833558711  0.000000000000000  0.000000000000000  0.018504243935213  0.000000000000000  0.000000000000000  0.000000000000000  0.024080347136200  0.114149781251499  0.061298687749284  0.000000000000000  0.637280313659631  0.000000000000000  0.000000000000000  0.028855697210294  0.022204563174709  0.000000000000000  0.020137103601328  0.000000000000000  0.011923900070004  1.000000000000000  0.000000000000000  0.000000000000000  0.000000000000000  0.000000000000000  0.000000000000000  0.000000000000000  0.059292769696278  1.000000000000000  1.000000000000000 
63.0    Q  0.071743900865938  0.000000000000000  0.014639397607382  0.062413416631314  0.000000000000000  0.016120049676584  0.051545846788130  0.006824788249349  0.000000000000000  0.071594868623735  0.111723145294598  0.000000000000000  0.023486898094774  0.208916739730463  0.013120804577252  0.030500992524257  0.256139205758200  0.038983299122314  0.000000000000000  0.022235366581791  0.990342871933025  0.009611651130868  0.000000000000000  1.000000000000000  0.000000000000000  0.000000000000000  0.000000000000000  0.059663813383732  0.499653546495226  1.000000000000000 
64.0    M  0.000000000000000  0.013120804577252  0.020803931456818  0.000000000000000  0.051940366349603  0.000000000000000  0.026923317491001  0.031401994388243  0.000000000000000  0.224222039915504  0.541112322262857  0.010344444612464  0.000000000000000  0.000000000000000  0.000000000000000  0.018414678247058  0.000000000000000  0.056484545421943  0.005255340658288  0.000000000000000  1.000000000000000  0.000000000000000  0.000000000000000  0.000000000000000  0.000000000000000  0.000000000000000  0.000000000000000  0.059539874877746  1.000000000000000  1.000000000000000 
65.0    L  0.068440779424598  0.000000000000000  0.000000000000000  0.000000000000000  0.024808872841614  0.018414678247058  0.000000000000000  0.039037378926668  0.008240799352094  0.827023368443266  0.002513650873635  0.000000000000000  0.000000000000000  0.000000000000000  0.011312016971715  0.000000000000000  0.000000000000000  0.000000000000000  0.000000000000000  0.000000000000000  1.000000000000000  0.000000000000000  0.000000000000000  0.000000000000000  0.000000000000000  0.000000000000000  0.000000000000000  0.059539874877746  1.000000000000000  1.000000000000000 
66.0    N  0.056484545421943  0.000000000000000  0.051940366349603  0.037240080455439  0.000000000000000  0.018414678247058  0.000000000000000  0.013120804577252  0.051438771579919  0.000000000000000  0.059870951138919  0.622005826649234  0.000000000000000  0.047695600280017  0.000000000000000  0.017542522219900  0.012682649702770  0.005508976408142  0.000000000000000  0.006049367405103  0.989656656415207  0.010344444612464  0.000000000000000  1.000000000000000  0.000000000000000  0.000000000000000  0.000000000000000  0.059539874877746  0.494142825750366  1.000000000000000 
67.0    C  0.156257787823151  0.125260200634954  0.000000000000000  0.000000000000000  0.000000000000000  0.000000000000000  0.049859077488065  0.112266546610492  0.006053561960619  0.002034655134782  0.066846692992828  0.012726680672972  0.008240799352094  0.000000000000000  0.007223931860263  0.106801217611217  0.201381072762188  0.135936048856860  0.000000000000000  0.009143739386520  1.000000000000000  0.000000000000000  0.000000000000000  0.000000000000000  0.000000000000000  0.000000000000000  0.000000000000000  0.059539874877746  1.000000000000000  1.000000000000000 
68.0    V  0.062154385542076  0.008240799352094  0.000000000000000  0.000000000000000  0.000000000000000  0.016322433794754  0.000000000000000  0.120993378361717  0.000000000000000  0.023503183615448  0.061982295671143  0.004437614315573  0.028795755818709  0.000000000000000  0.013782677581206  0.048027349415250  0.074894313833714  0.523768063549899  0.013120804577252  0.000000000000000  1.000000000000000  0.000000000000000  0.000000000000000  0.000000000000000  0.000000000000000  0.000000000000000  0.000000000000000  0.059539874877746  1.000000000000000  1.000000000000000 
69.0    G  0.042217940141739  0.000000000000000  0.011226095129250  0.003847134542561  0.000000000000000  0.637280313659631  0.000000000000000  0.000000000000000  0.008240799352094  0.000000000000000  0.000000000000000  0.005508976408142  0.265908168223296  0.000000000000000  0.018788582014034  0.000000000000000  0.000000000000000  0.002467045433293  0.004437614315573  0.000000000000000  1.000000000000000  0.000000000000000  0.000000000000000  0.000000000000000  0.000000000000000  0.000000000000000  0.000000000000000  0.059539874877746  1.000000000000000  1.000000000000000 
70.0    D  0.005508976408142  0.000000000000000  0.202781788894261  0.044718016250716  0.000000000000000  0.602486157497393  0.000000000000000  0.000000000000000  0.028008334361544  0.000000000000000  0.000000000000000  0.010322956294205  0.010145614083827  0.028996046139728  0.005520443921417  0.017157700215423  0.033031813767543  0.011541703621739  0.000000000000000  0.000000000000000  0.982820598545251  0.009067999331123  0.008402299925448  1.000000000000000  0.000000000000000  0.000000000000000  0.000000000000000  0.058801631719612  0.500000000000000  1.000000000000000 
71.0    H  0.004876291206647  0.063724855187387  0.000000000000000  0.000000000000000  0.017229205672952  0.000000000000000  0.567621051073032  0.025068161448515  0.000000000000000  0.033400187225344  0.000000000000000  0.067873866020143  0.008099227351717  0.064569649230258  0.011171757705951  0.010258758792376  0.040330077826618  0.000000000000000  0.057591511637419  0.028340322779161  0.983502074026248  0.005373210227108  0.011171757705951  1.000000000000000  0.000000000000000  0.000000000000000  1.000000000000000  0.061682284117865  0.500000000000000  0.498615625676035 
72.0    Q  0.153679858406823  0.000000000000000  0.000000000000000  0.000000000000000  0.000000000000000  0.000000000000000  0.023389421668636  0.000000000000000  0.041291825176821  0.003284751622085  0.000000000000000  0.000000000000000  0.032017400719775  0.597081593537295  0.135090675254919  0.014338123161115  0.000000000000000  0.000000000000000  0.000000000000000  0.000000000000000  1.000000000000000  0.000000000000000  0.000000000000000  0.000000000000000  0.000000000000000  0.655651007107824  0.344601288243908  0.062283766426742  1.000000000000000  0.485653747770817 
73.0    A  0.607939641591549  0.000000000000000  0.006948898387015  0.000000000000000  0.000000000000000  0.240315232097190  0.000000000000000  0.000000000000000  0.000000000000000  0.057591511637419  0.000000000000000  0.017289021142067  0.000000000000000  0.040695130924032  0.000000000000000  0.029036271070341  0.000000000000000  0.000000000000000  0.000000000000000  0.000000000000000  1.000000000000000  0.000000000000000  0.000000000000000  0.000000000000000  0.000000000000000  0.000000000000000  1.000000000000000  0.061682284117865  1.000000000000000  0.498615625676035 
74.0    A  0.571965486601904  0.000000000000000  0.157890907730725  0.016968466505036  0.012157580883678  0.000000000000000  0.000000000000000  0.000000000000000  0.009881871424640  0.022734073181793  0.000000000000000  0.000000000000000  0.008280881120291  0.104313660144426  0.000000000000000  0.054825846795801  0.000000000000000  0.041063488348418  0.000000000000000  0.000000000000000  1.000000000000000  0.000000000000000  0.000000000000000  0.000000000000000  0.000000000000000  0.000000000000000  1.000000000000000  0.064079202368037  1.000000000000000  0.498615625676035 
75.0    M  0.011694710834318  0.046552420722584  0.000000000000000  0.000000000000000  0.000000000000000  0.000000000000000  0.022359008125358  0.047431851655439  0.248962438273615  0.098345305669196  0.461051558956316  0.000000000000000  0.015124172295215  0.000000000000000  0.000000000000000  0.000000000000000  0.000000000000000  0.035996488823417  0.000000000000000  0.012630013575087  1.000000000000000  0.000000000000000  0.000000000000000  0.000000000000000  0.000000000000000  0.000000000000000  1.000000000000000  0.064480198706335  1.000000000000000  0.498615625676035 
76.0    Q  0.035158077646525  0.009772883438385  0.021537580515244  0.128514228332008  0.000000000000000  0.011710934388715  0.006510571930931  0.000000000000000  0.060538636826664  0.000000000000000  0.010068551800664  0.000000000000000  0.000000000000000  0.697855382061083  0.000000000000000  0.018236845340914  0.000000000000000  0.000000000000000  0.000000000000000  0.000000000000000  0.988285651500733  0.000000000000000  0.011710934388715  0.000000000000000  0.000000000000000  0.000000000000000  1.000000000000000  0.064390872101255  1.000000000000000  0.498615625676035 
77.0    I  0.000000000000000  0.012301687133894  0.007174032517976  0.000000000000000  0.000000000000000  0.000000000000000  0.000000000000000  0.256850359844741  0.009578397344165  0.162893393670412  0.337743521133909  0.047267749915124  0.000000000000000  0.034698088550895  0.000000000000000  0.000000000000000  0.004128976720943  0.127361399577090  0.000000000000000  0.000000000000000  0.955282936382437  0.044532425442150  0.000000000000000  0.263705579267015  0.736113431084089  0.174948233199399  0.824733548610081  0.064079202368037  0.475329550614909  0.467487598875728 
78.0    I  0.000000000000000  0.000000000000000  0.000000000000000  0.000000000000000  0.032712821311705  0.000000000000000  0.000000000000000  0.325786787340824  0.004419197120492  0.493116352246680  0.019117000642685  0.032758202359904  0.000000000000000  0.000000000000000  0.000000000000000  0.019532223477894  0.000000000000000  0.069396177101790  0.000000000000000  0.003356096699012  0.995159721820083  0.004996037426865  0.000000000000000  1.000000000000000  0.000000000000000  0.000000000000000  1.000000000000000  0.065289735179014  0.500000000000000  0.473685035299634 
79.0    R  0.000000000000000  0.000000000000000  0.064212589961185  0.073863221683398  0.000000000000000  0.021373989123476  0.005986796719562  0.035971546603993  0.493116352246680  0.054787857582252  0.000000000000000  0.004094775294988  0.000000000000000  0.106579361470995  0.139854637629464  0.000000000000000  0.000000000000000  0.000000000000000  0.000000000000000  0.000000000000000  0.993781093322555  0.006150843566947  0.000000000000000  1.000000000000000  0.000000000000000  0.133786087303328  0.866336856400087  0.064257114166004  0.498615625676035  0.469110598250336 
80.0    D  0.021211640310625  0.000000000000000  0.425726853874473  0.275667290767228  0.000000000000000  0.108818820412016  0.004313276746731  0.006546774489593  0.039254449410735  0.000000000000000  0.000000000000000  0.013257935964155  0.005966083976409  0.010380357922629  0.000000000000000  0.078781461973937  0.010223266183242  0.000000000000000  0.000000000000000  0.000000000000000  1.000000000000000  0.000000000000000  0.000000000000000  0.000000000000000  0.000000000000000  0.000000000000000  1.000000000000000  0.068964608752622  1.000000000000000  0.473685035299634 
81.0    I  0.040526236082844  0.000000000000000  0.013946046429265  0.013936383115939  0.000000000000000  0.010576455305097  0.023633874957562  0.104458369865232  0.201241534405280  0.048832992510770  0.000000000000000  0.043767385027725  0.016333751565706  0.000000000000000  0.005150756306611  0.030734439813320  0.295862755438143  0.129677492070701  0.000000000000000  0.021314809919990  0.993781093322555  0.006061959799022  0.000000000000000  0.333324669272800  0.666649338545599  0.000000000000000  1.000000000000000  0.068821349881123  0.500000000000000  0.473685035299634 
82.0    I  0.000000000000000  0.000000000000000  0.000000000000000  0.000000000000000  0.000000000000000  0.000000000000000  0.005819052590323  0.598324481615357  0.000000000000000  0.260797148382465  0.000000000000000  0.000000000000000  0.000000000000000  0.024247839196089  0.000000000000000  0.006385432253815  0.000000000000000  0.055514174740150  0.000000000000000  0.048765342510856  0.995849753094458  0.000000000000000  0.004218658436847  0.000000000000000  0.000000000000000  0.866336856400087  0.133786087303328  0.067311648512066  1.000000000000000  0.469110598250336 
83.0    N  0.005843303743603  0.000000000000000  0.053623158151793  0.021167577773209  0.000000000000000  0.000000000000000  0.000000000000000  0.002503218601875  0.082354996983384  0.010452559021767  0.006615197752832  0.683493725970905  0.000000000000000  0.023568438698228  0.035231262879544  0.000000000000000  0.049206748535575  0.013157233650131  0.000000000000000  0.012931200251222  0.994470168673214  0.005843303743603  0.000000000000000  0.199990032083188  0.799960128332753  0.344123900397674  0.656105627295980  0.066063627535086  0.499653546495226  0.497579860910041 
84.0    E  0.029852591761951  0.000000000000000  0.032803646363221  0.721464343430814  0.000000000000000  0.039554893561571  0.000000000000000  0.000000000000000  0.112111019957752  0.000000000000000  0.010401965728409  0.000000000000000  0.000000000000000  0.011033237534256  0.042629619839980  0.000000000000000  0.000000000000000  0.000000000000000  0.000000000000000  0.000000000000000  0.994470168673214  0.005754873772721  0.000000000000000  0.500000000000000  0.500000000000000  1.000000000000000  0.000000000000000  0.066384949155961  0.499653546495226  0.500000000000000 
85.0    E  0.000000000000000  0.000000000000000  0.000000000000000  0.602903913845380  0.000000000000000  0.017098339082199  0.000000000000000  0.052958277184132  0.089808761034004  0.056719947207323  0.010761328487368  0.000000000000000  0.000000000000000  0.035896823593657  0.079109787123142  0.013965393161825  0.040808118346529  0.000000000000000  0.000000000000000  0.000000000000000  0.949342120950519  0.005384395128811  0.045154074935110  1.000000000000000  0.000000000000000  0.000000000000000  0.000000000000000  0.066017851584491  0.500000000000000  1.000000000000000 
86.0    A  0.699308041369231  0.000000000000000  0.021868529149925  0.047695600280017  0.000000000000000  0.021777769354492  0.000000000000000  0.018440224114628  0.028815722434770  0.007002083590386  0.000000000000000  0.009538644630228  0.000000000000000  0.000000000000000  0.000000000000000  0.052519609514580  0.068583246098703  0.024416496255385  0.000000000000000  0.000000000000000  0.954621014139717  0.045091521464426  0.000000000000000  0.286379474494939  0.713507252858939  0.110032376695394  0.890075733252496  0.068916822691807  0.454704125900367  0.461691155364697 
87.0    A  0.560583039014254  0.008716713455664  0.014690221914205  0.141414307855738  0.000000000000000  0.000000000000000  0.005770851810869  0.017960857000542  0.010881339692727  0.004058043372257  0.000000000000000  0.000000000000000  0.007350203964951  0.044501568612408  0.080158537672641  0.076150641479699  0.027814866664141  0.000000000000000  0.000000000000000  0.000000000000000  1.000000000000000  0.000000000000000  0.000000000000000  0.000000000000000  0.000000000000000  0.352086056728020  0.647970482716667  0.068869069742288  1.000000000000000  0.466193243218416 
88.0    D  0.046198825977308  0.000000000000000  0.172300644121954  0.509092599882310  0.000000000000000  0.019077289260455  0.000000000000000  0.000000000000000  0.051940366349603  0.000000000000000  0.000000000000000  0.017652300227658  0.000000000000000  0.032150834621674  0.087534770055450  0.000000000000000  0.042159454198116  0.021747599872361  0.000000000000000  0.000000000000000  0.993781093322555  0.000000000000000  0.006049367405103  0.000000000000000  0.000000000000000  0.000000000000000  1.000000000000000  0.067968024428430  1.000000000000000  0.479632059662632 
89.0    W  0.000000000000000  0.020789516266886  0.000000000000000  0.000000000000000  0.000000000000000  0.003035184643688  0.000000000000000  0.019668080836013  0.000000000000000  0.028008334361544  0.018312848182414  0.000000000000000  0.000000000000000  0.000000000000000  0.005531935305526  0.000000000000000  0.009505643426829  0.016447361792335  0.770037174236072  0.108442335894008  0.981459063853479  0.000000000000000  0.018211581220852  0.000000000000000  0.000000000000000  1.000000000000000  0.000000000000000  0.068015152604425  1.000000000000000  0.475659138165900 
90.0    D  0.014608987464866  0.000000000000000  0.685866644295299  0.047136877396456  0.000000000000000  0.077428043611494  0.013120804577252  0.000000000000000  0.030060232958274  0.000000000000000  0.022266212721075  0.013405789537948  0.000000000000000  0.000000000000000  0.061682284117865  0.015388538170243  0.000000000000000  0.016619260513956  0.000000000000000  0.002456806585617  0.951318276331799  0.026369243629063  0.022561393680039  0.500000000000000  0.500000000000000  1.000000000000000  0.000000000000000  0.067545337627459  0.479632059662632  0.491069797631696 
91.0    L  0.004533999665561  0.019156794688331  0.000000000000000  0.035427169149326  0.005090418552200  0.002701544197287  0.000000000000000  0.017265070074999  0.034794425569646  0.086509357253217  0.015145153389610  0.042629619839980  0.000000000000000  0.079992025865269  0.559030925482931  0.000000000000000  0.047104215923699  0.038956287321097  0.000000000000000  0.011533706294397  0.947370070599268  0.052446852319159  0.000000000000000  1.000000000000000  0.000000000000000  0.000000000000000  1.000000000000000  0.069156084568267  0.461691155364697  0.486327473706143 
92.0    Q  0.045657636829552  0.002952187359993  0.014741222670240  0.020631606890859  0.000000000000000  0.000000000000000  0.017098339082199  0.030311309698179  0.022097086912080  0.199298119135134  0.058964890680960  0.064704057740086  0.013048248741068  0.166200888522714  0.060037178997092  0.020803931456818  0.183773417048630  0.079825859949712  0.000000000000000  0.000000000000000  1.000000000000000  0.000000000000000  0.000000000000000  0.000000000000000  0.000000000000000  0.000000000000000  1.000000000000000  0.069156084568267  1.000000000000000  0.486327473706143 
93.0    H  0.000000000000000  0.000000000000000  0.000000000000000  0.000000000000000  0.000000000000000  0.000000000000000  0.802737388715953  0.033215489823705  0.000000000000000  0.000000000000000  0.000000000000000  0.078836088051953  0.005558841645448  0.008172538592129  0.004515182447480  0.021567458646822  0.012464769372016  0.000000000000000  0.000000000000000  0.033169475279681  1.000000000000000  0.000000000000000  0.000000000000000  0.000000000000000  0.000000000000000  0.000000000000000  1.000000000000000  0.068773663085384  1.000000000000000  0.486327473706143 
94.0    P  0.000000000000000  0.008183875992967  0.000000000000000  0.000000000000000  0.000000000000000  0.000000000000000  0.026923317491001  0.005562696076551  0.005734963422008  0.000000000000000  0.000000000000000  0.007993261482300  0.860949188338904  0.027892092858531  0.003739341633575  0.022297101651842  0.030691862351981  0.000000000000000  0.000000000000000  0.000000000000000  0.831622098374906  0.094732285406900  0.073556671076173  0.483638164806966  0.516557193842066  0.000000000000000  1.000000000000000  0.070364911633548  0.426613049056034  0.486327473706143 
95.0    Q  0.043164826504496  0.003069033268233  0.000000000000000  0.088021514182005  0.000000000000000  0.002679166579279  0.020193012978711  0.077428043611494  0.000000000000000  0.036701936600427  0.026979361205450  0.014318260073052  0.158329281715402  0.206899204019551  0.002596888883167  0.055591187096119  0.014072280935124  0.223291463088190  0.000000000000000  0.026663315566002  0.734075318017052  0.116709993114414  0.149270398384324  0.961927454664775  0.038393343138927  0.462011286223412  0.538120062391899  0.073556671076173  0.392564059336786  0.414085330667273 
96.0    P  0.120407736752519  0.000000000000000  0.085318357367823  0.046198825977308  0.000000000000000  0.000000000000000  0.253138701837623  0.025260027150174  0.009162773040874  0.000000000000000  0.008408125974873  0.000000000000000  0.211979991158287  0.160985203688728  0.000000000000000  0.000000000000000  0.052084575447451  0.027167017502813  0.000000000000000  0.000000000000000  0.632001549226403  0.368056715542045  0.000000000000000  0.982139595263391  0.018135998662246  0.216734390878672  0.783497186949341  0.088695209762524  0.270368690870904  0.355519352646819 
97.0    A  0.094732285406900  0.000000000000000  0.000000000000000  0.000000000000000  0.000000000000000  0.655651007107824  0.000000000000000  0.003900838539457  0.000000000000000  0.000000000000000  0.000000000000000  0.049962864397030  0.061939347704005  0.066247048962330  0.041636713284126  0.000000000000000  0.000000000000000  0.017849160107009  0.000000000000000  0.008212288352248  0.975355461527642  0.021537580515244  0.002777494942553  1.000000000000000  0.000000000000000  0.384485207817567  0.615572206672458  0.075050214217826  0.482633512435878  0.382889499273596 
98.0    P  0.101110168545217  0.000000000000000  0.000000000000000  0.000000000000000  0.000000000000000  0.009093176050017  0.000000000000000  0.000000000000000  0.000000000000000  0.023115429832013  0.000000000000000  0.000000000000000  0.792234810924969  0.029157280985525  0.000000000000000  0.008166875782853  0.022781396544009  0.000000000000000  0.000000000000000  0.014111351721122  0.071594868623735  0.869344560090022  0.059128602920350  0.865136690584988  0.135090675254919  0.335410556220565  0.664342907048256  0.071594868623735  0.119244943818445  0.423666217473059 
99.0    Q  0.212715932376635  0.000000000000000  0.000000000000000  0.000000000000000  0.000000000000000  0.007089993400915  0.000000000000000  0.000000000000000  0.000000000000000  0.000000000000000  0.000000000000000  0.000000000000000  0.650670927720967  0.067732872927799  0.008269409334962  0.011702819800189  0.041897268486885  0.000000000000000  0.000000000000000  0.000000000000000  0.922103117912631  0.000000000000000  0.077858588473092  0.000000000000000  0.000000000000000  0.000000000000000  1.000000000000000  0.079439480581604  1.000000000000000  0.418993567333974 
100.0    Q  0.121497623497669  0.000000000000000  0.000000000000000  0.000000000000000  0.000000000000000  0.038687196588670  0.000000000000000  0.000000000000000  0.000000000000000  0.014082038478294  0.011800567074710  0.027299152997397  0.521955963710860  0.128603338486697  0.056367211148891  0.019011286853657  0.006555856539895  0.054071043161562  0.000000000000000  0.000000000000000  0.945402116750744  0.028281451965091  0.026060345119530  0.550952557938305  0.449066186441967  0.076097876166437  0.924022572446823  0.092589987376270  0.479299719246488  0.365008002663630 
101.0    G  0.051653144884638  0.024740183308477  0.010919116967586  0.000000000000000  0.000000000000000  0.821310700752066  0.000000000000000  0.000000000000000  0.000000000000000  0.000000000000000  0.000000000000000  0.019998006466317  0.011079219028746  0.043075161030488  0.009806812431896  0.007604135735611  0.000000000000000  0.000000000000000  0.000000000000000  0.000000000000000  0.986916545885842  0.000000000000000  0.012770864507629  0.000000000000000  0.000000000000000  0.013267128850732  0.986916545885842  0.090810315598211  1.000000000000000  0.357496246590423 
102.0    Q  0.066846692992828  0.000000000000000  0.018971795068673  0.008862933476062  0.000000000000000  0.143587294374629  0.000000000000000  0.000000000000000  0.014417851447716  0.000000000000000  0.007228940844046  0.000000000000000  0.139177702278586  0.545631938527468  0.000000000000000  0.018338252785646  0.005835208816845  0.031228346655952  0.000000000000000  0.000000000000000  0.991029563264079  0.000000000000000  0.008918396149428  0.000000000000000  0.000000000000000  0.597909898388062  0.401925495371576  0.091759414752131  1.000000000000000  0.352574490121097 
103.0    L  0.027280237222930  0.000000000000000  0.000000000000000  0.019263317585372  0.012967102899843  0.000000000000000  0.000000000000000  0.173018714506435  0.000000000000000  0.416965521912482  0.272060610417701  0.000000000000000  0.006488047063210  0.006015915423719  0.014578640492763  0.000000000000000  0.006628967982077  0.044687030823803  0.000000000000000  0.000000000000000  0.902500727462430  0.000000000000000  0.097395572457562  0.000000000000000  0.000000000000000  0.131670129494355  0.868140227601043  0.074790560201920  1.000000000000000  0.431370672271328 
104.0    R  0.000000000000000  0.000000000000000  0.000000000000000  0.024705909893873  0.010843693117309  0.009011606289531  0.000000000000000  0.005974360460480  0.017518219969195  0.000000000000000  0.005605271619557  0.000000000000000  0.182883902588041  0.039664715188119  0.648419777325505  0.000000000000000  0.028066636652623  0.017824433060444  0.009400804890621  0.000000000000000  0.940174202509126  0.000000000000000  0.059663813383732  0.000000000000000  0.000000000000000  0.253665636645220  0.746389191648477  0.091695834010458  1.000000000000000  0.364249778474503 
105.0    E  0.068964608752622  0.000000000000000  0.134064577102243  0.414659772907221  0.000000000000000  0.005778857458003  0.000000000000000  0.000000000000000  0.011915637916065  0.000000000000000  0.028875705388963  0.050415109951383  0.026006210459735  0.050695447223565  0.050485048600601  0.006258358418669  0.047629525948118  0.005418089723169  0.000000000000000  0.098960733233909  0.970634469769547  0.000000000000000  0.029217974929733  0.000000000000000  0.000000000000000  0.244855074396732  0.755236292781413  0.088082547196376  1.000000000000000  0.365767805176082 
106.0    P  0.039254449410735  0.000000000000000  0.000000000000000  0.009861344000876  0.071396640428034  0.000000000000000  0.000000000000000  0.010972225591703  0.018465805420849  0.020165038913309  0.021522656974737  0.000000000000000  0.743806881217253  0.010452559021767  0.000000000000000  0.008924580053504  0.019050860844942  0.000000000000000  0.000000000000000  0.026369243629063  1.000000000000000  0.000000000000000  0.000000000000000  1.000000000000000  0.000000000000000  0.819604607637517  0.180116218604740  0.082297932628703  0.479632059662632  0.380508345209840 
107.0    S  0.004655010056930  0.000000000000000  0.000000000000000  0.007641120886307  0.000000000000000  0.049652150006007  0.000000000000000  0.000000000000000  0.066109435226152  0.000000000000000  0.005168638437141  0.017506081471784  0.022908074331081  0.034386831542692  0.381300413314071  0.060162152693859  0.350624812660600  0.000000000000000  0.000000000000000  0.000000000000000  1.000000000000000  0.000000000000000  0.000000000000000  0.000000000000000  0.000000000000000  1.000000000000000  0.000000000000000  0.067358321565229  1.000000000000000  0.479632059662632 
108.0    G  0.156800275565124  0.000000000000000  0.022081775685668  0.022312562182579  0.000000000000000  0.564091068728256  0.000000000000000  0.011374918351555  0.010709240663904  0.000000000000000  0.000000000000000  0.000000000000000  0.000000000000000  0.011882646509695  0.033284631356044  0.039418044025977  0.065018766657624  0.062934721878545  0.000000000000000  0.000000000000000  0.972654947412286  0.000000000000000  0.027489033622576  1.000000000000000  0.000000000000000  0.000000000000000  0.000000000000000  0.065607292726442  0.498615625676035  1.000000000000000 
109.0    S  0.078237278665875  0.000000000000000  0.158658860752476  0.016390458243359  0.000000000000000  0.026150820083856  0.001979017383123  0.000000000000000  0.000000000000000  0.000000000000000  0.000000000000000  0.011133106360537  0.000000000000000  0.015843116871719  0.076893209046947  0.576343173399432  0.017898717155934  0.020460709735681  0.000000000000000  0.000000000000000  1.000000000000000  0.000000000000000  0.000000000000000  0.000000000000000  0.000000000000000  0.000000000000000  1.000000000000000  0.073099229003247  1.000000000000000  0.485990493990676 
110.0    D  0.028164076956588  0.000000000000000  0.607097442197523  0.130670012525646  0.042600081477578  0.000000000000000  0.024382671255428  0.000000000000000  0.000000000000000  0.014751444049223  0.015843116871719  0.005410583859808  0.013039207518053  0.087960523457837  0.005883947135288  0.000000000000000  0.011662331119507  0.000000000000000  0.000000000000000  0.012430257558671  1.000000000000000  0.000000000000000  0.000000000000000  0.000000000000000  0.000000000000000  1.000000000000000  0.000000000000000  0.073099229003247  1.000000000000000  0.485990493990676 
111.0    I  0.000000000000000  0.000000000000000  0.000000000000000  0.000000000000000  0.000000000000000  0.000000000000000  0.005208197957387  0.919550046151658  0.000000000000000  0.018594245254792  0.000000000000000  0.000000000000000  0.000000000000000  0.000000000000000  0.000000000000000  0.000000000000000  0.014598864795050  0.042276507220321  0.000000000000000  0.000000000000000  0.972654947412286  0.027035521580781  0.000000000000000  0.643940814754913  0.356259403537196  0.000000000000000  0.000000000000000  0.069782060123911  0.488015880388112  1.000000000000000 
112.0    A  0.616853584904748  0.000000000000000  0.000000000000000  0.000000000000000  0.000000000000000  0.000000000000000  0.015452670568452  0.056562903930182  0.000000000000000  0.000000000000000  0.167589073947542  0.000000000000000  0.015777364024948  0.000000000000000  0.083968964107581  0.015431263460084  0.019263317585372  0.009118422670457  0.000000000000000  0.000000000000000  0.986916545885842  0.013175486097658  0.000000000000000  0.142892291926755  0.857376036634172  0.000000000000000  0.000000000000000  0.073505703143185  0.494828328207603  1.000000000000000 
113.0    G  0.000000000000000  0.000000000000000  0.000000000000000  0.010152648925433  0.000000000000000  0.968618189226628  0.000000000000000  0.000000000000000  0.000000000000000  0.000000000000000  0.000000000000000  0.000000000000000  0.000000000000000  0.016401823181610  0.005055256462824  0.000000000000000  0.000000000000000  0.000000000000000  0.000000000000000  0.000000000000000  1.000000000000000  0.000000000000000  0.000000000000000  0.000000000000000  0.000000000000000  0.000000000000000  0.000000000000000  0.074790560201920  1.000000000000000  1.000000000000000 
114.0    T  0.029238234307231  0.000000000000000  0.000000000000000  0.000000000000000  0.000000000000000  0.000000000000000  0.024063661694877  0.077267203807559  0.057551606075315  0.103808753011362  0.000000000000000  0.014358013804360  0.009875024206663  0.000000000000000  0.000000000000000  0.005648173025569  0.547146850630370  0.131123665946868  0.000000000000000  0.000000000000000  1.000000000000000  0.000000000000000  0.000000000000000  0.000000000000000  0.000000000000000  0.000000000000000  0.000000000000000  0.074790560201920  1.000000000000000  1.000000000000000 
115.0    T  0.028438713252528  0.000000000000000  0.034482304376311  0.000000000000000  0.000000000000000  0.228933421604532  0.000000000000000  0.018312848182414  0.000000000000000  0.000000000000000  0.000000000000000  0.026006210459735  0.007742418463001  0.000000000000000  0.000000000000000  0.023748825881274  0.632439771176968  0.000000000000000  0.000000000000000  0.000000000000000  1.000000000000000  0.000000000000000  0.000000000000000  0.000000000000000  0.000000000000000  0.000000000000000  0.000000000000000  0.074790560201920  1.000000000000000  1.000000000000000 
116.0    S  0.008608633717786  0.000000000000000  0.000000000000000  0.000000000000000  0.000000000000000  0.025068161448515  0.000000000000000  0.039254449410735  0.000000000000000  0.117766409238101  0.000000000000000  0.007026393063654  0.000000000000000  0.077213664820433  0.000000000000000  0.652477473844479  0.000000000000000  0.072846324883410  0.000000000000000  0.000000000000000  0.983502074026248  0.000000000000000  0.016311123865964  0.000000000000000  0.000000000000000  0.000000000000000  0.000000000000000  0.072092850316251  1.000000000000000  1.000000000000000 
117.0    S  0.025172634095273  0.000000000000000  0.038956287321097  0.000000000000000  0.000000000000000  0.000000000000000  0.000000000000000  0.000000000000000  0.000000000000000  0.000000000000000  0.000000000000000  0.057352492644460  0.089933348750676  0.000000000000000  0.000000000000000  0.137929217505245  0.650670927720967  0.000000000000000  0.000000000000000  0.000000000000000  1.000000000000000  0.000000000000000  0.000000000000000  0.000000000000000  0.000000000000000  0.000000000000000  1.000000000000000  0.073863221683398  1.000000000000000  0.473685035299634 
118.0    V  0.030185510278901  0.000000000000000  0.000000000000000  0.000000000000000  0.025172634095273  0.000000000000000  0.000000000000000  0.056406295466402  0.002631315579816  0.348685916587601  0.009985151275024  0.082354996983384  0.089995707407168  0.145390005193481  0.060078808024298  0.028656376350146  0.002837822362444  0.117684808067651  0.000000000000000  0.000000000000000  1.000000000000000  0.000000000000000  0.000000000000000  0.000000000000000  0.000000000000000  0.000000000000000  1.000000000000000  0.073863221683398  1.000000000000000  0.473685035299634 
119.0    D  0.142991371650476  0.000000000000000  0.053511767784154  0.180866860733816  0.000000000000000  0.000000000000000  0.023519480428298  0.000000000000000  0.000000000000000  0.005474716597972  0.000000000000000  0.041607862913637  0.000000000000000  0.546388869550476  0.000000000000000  0.000000000000000  0.002731672036599  0.002859542374894  0.000000000000000  0.000000000000000  1.000000000000000  0.000000000000000  0.000000000000000  0.000000000000000  0.000000000000000  0.000000000000000  1.000000000000000  0.075782051191359  1.000000000000000  0.473685035299634 
120.0    E  0.071793647187315  0.000000000000000  0.018440224114628  0.638606879597695  0.025347723611783  0.009381276777228  0.000000000000000  0.013630667277668  0.010672189505894  0.000000000000000  0.000000000000000  0.000000000000000  0.000000000000000  0.107097744346071  0.082698214994258  0.000000000000000  0.000000000000000  0.022514527325593  0.000000000000000  0.000000000000000  1.000000000000000  0.000000000000000  0.000000000000000  0.000000000000000  0.000000000000000  0.000000000000000  1.000000000000000  0.073812041339346  1.000000000000000  0.473685035299634 
121.0    Q  0.137261601723381  0.000000000000000  0.000000000000000  0.018620040227719  0.000000000000000  0.000000000000000  0.000000000000000  0.000000000000000  0.004212814186306  0.005306587049019  0.000000000000000  0.000000000000000  0.039336161672027  0.768437590644006  0.004406961474439  0.000000000000000  0.022545760732213  0.000000000000000  0.000000000000000  0.000000000000000  0.988285651500733  0.000000000000000  0.012056876367648  0.000000000000000  0.000000000000000  0.000000000000000  1.000000000000000  0.073607674349686  1.000000000000000  0.473685035299634 
122.0    I  0.219759890227947  0.000000000000000  0.000000000000000  0.000000000000000  0.000000000000000  0.000000000000000  0.000000000000000  0.518350550509860  0.006159376359815  0.063153215405423  0.062413416631314  0.034267862143372  0.000000000000000  0.000000000000000  0.000000000000000  0.025050791543731  0.000000000000000  0.071001829049168  0.000000000000000  0.000000000000000  1.000000000000000  0.000000000000000  0.000000000000000  0.000000000000000  0.000000000000000  0.249653666525257  0.750539548757186  0.073556671076173  1.000000000000000  0.463936738235641 
123.0    Q  0.168404197108211  0.000000000000000  0.000000000000000  0.160985203688728  0.000000000000000  0.198746312737244  0.039308905369876  0.002682883268417  0.016804599850897  0.006656594492772  0.012464769372016  0.002479044699257  0.000000000000000  0.217185546287656  0.038767728053606  0.045594385757505  0.089933348750676  0.000000000000000  0.000000000000000  0.000000000000000  0.977385766410805  0.000000000000000  0.022545760732213  0.000000000000000  0.000000000000000  0.000000000000000  1.000000000000000  0.073863221683398  1.000000000000000  0.473685035299634 
124.0    W  0.134997069979110  0.030606884299591  0.000000000000000  0.000000000000000  0.000000000000000  0.021477948368313  0.000000000000000  0.000000000000000  0.000000000000000  0.064614421015498  0.009271381231692  0.000000000000000  0.149996422796652  0.000000000000000  0.000000000000000  0.006024261036750  0.000000000000000  0.000000000000000  0.583174684894234  0.000000000000000  0.974004268543241  0.000000000000000  0.025952188252840  0.000000000000000  0.000000000000000  0.305660069423017  0.694477567882555  0.075677067746910  1.000000000000000  0.460732093099352 
125.0    M  0.070756181381917  0.000000000000000  0.007753159177233  0.000000000000000  0.000000000000000  0.000000000000000  0.024912264891892  0.114546080584419  0.007134361328219  0.025277542136304  0.426317445883978  0.083968964107581  0.000000000000000  0.057114465639338  0.038902319855693  0.000000000000000  0.105623298051564  0.037551126547714  0.000000000000000  0.000000000000000  0.948684315140454  0.000000000000000  0.051260806949795  0.000000000000000  0.000000000000000  0.585199320737295  0.414947292794991  0.075729541276890  1.000000000000000  0.452816991508911 
126.0    Y  0.019832357594059  0.003927971017182  0.028557232819669  0.000000000000000  0.147624082678691  0.031511014215456  0.000000000000000  0.011117683290895  0.000000000000000  0.000000000000000  0.085082132281217  0.007154169425142  0.052446852319159  0.000000000000000  0.000000000000000  0.050205874797315  0.482968164462423  0.000000000000000  0.000000000000000  0.079549683454746  0.642157904494713  0.015592542484360  0.342220953272960  0.573951206927501  0.426022047537433  0.542990928161147  0.456915725114700  0.074946244611945  0.494828328207603  0.441351498145327 
127.0    R  0.050136322897030  0.000000000000000  0.196282029668393  0.000000000000000  0.000000000000000  0.034650020112596  0.016573245958878  0.010194960528820  0.021255794568843  0.000000000000000  0.009213723377041  0.078726873746712  0.004419197120492  0.013048248741068  0.263157788677360  0.176165094392752  0.090245574720156  0.000000000000000  0.000000000000000  0.035946621667206  0.670821112441131  0.018465805420849  0.310787417225985  1.000000000000000  0.000000000000000  0.367292158319577  0.632878296985140  0.105403888781264  0.494485458190466  0.269060031195949 
128.0    Q  0.219759890227947  0.000000000000000  0.046230859664026  0.059457392270737  0.000000000000000  0.070707153927869  0.023535788541153  0.000000000000000  0.049790006017849  0.000000000000000  0.000000000000000  0.223446290589197  0.035871950432969  0.130127699710514  0.007457976672967  0.116709993114414  0.007006938747359  0.000000000000000  0.000000000000000  0.009847682746742  0.849096246446840  0.008009900296005  0.143090520074836  0.580754365962861  0.419574818553271  0.365514362100008  0.634635443009902  0.155393708612992  0.487002134271620  0.240315232097190 
129.0    Q  0.109879945113973  0.000000000000000  0.013452331067795  0.000000000000000  0.044041273598188  0.032735503971869  0.008974205898414  0.000000000000000  0.000000000000000  0.000000000000000  0.000000000000000  0.503128911748891  0.098005056759467  0.168054374269078  0.000000000000000  0.000000000000000  0.016458766186794  0.000000000000000  0.000000000000000  0.005083366622820  0.823020345278708  0.000000000000000  0.177144674563527  0.000000000000000  0.000000000000000  0.222210670291643  0.777546035882558  0.131396613635963  1.000000000000000  0.273573425315185 
130.0    N  0.059046690062325  0.000000000000000  0.094732285406900  0.023389421668636  0.000000000000000  0.025207554975691  0.009156424091207  0.000000000000000  0.010591127553125  0.000000000000000  0.000000000000000  0.181872585454345  0.498961359499525  0.025737219289612  0.000000000000000  0.039747281460737  0.031445556984306  0.000000000000000  0.000000000000000  0.000000000000000  0.942784535918240  0.000000000000000  0.057352492644460  0.000000000000000  0.000000000000000  0.184795303909230  0.815072332402625  0.150621539374348  1.000000000000000  0.257563488405019 
131.0    P  0.064435519924674  0.000000000000000  0.000000000000000  0.000000000000000  0.000000000000000  0.018736561152986  0.000000000000000  0.001549480162483  0.000000000000000  0.000000000000000  0.000000000000000  0.004496443325499  0.766309980103892  0.014936645587402  0.042130241616783  0.025400487562010  0.061767853218796  0.000000000000000  0.000000000000000  0.000000000000000  0.987600861445373  0.012717862266726  0.000000000000000  0.363997387249772  0.635956503371787  0.582770599067280  0.417254640577705  0.183264594648651  0.495858365369147  0.284401306968126 
132.0    I  0.016401823181610  0.000000000000000  0.079164640857701  0.014957366534302  0.000000000000000  0.019156794688331  0.048060650977196  0.481630947010074  0.000000000000000  0.005136495157051  0.000000000000000  0.013313188985545  0.000000000000000  0.036701936600427  0.000000000000000  0.012931200251222  0.002040304224344  0.238655253534929  0.000000000000000  0.032039601184019  0.983502074026248  0.000000000000000  0.016390458243359  0.000000000000000  0.000000000000000  0.685866644295299  0.314253343630457  0.088695209762524  1.000000000000000  0.395020655931689 
133.0    P  0.027469986278493  0.000000000000000  0.067405026980903  0.064346255214625  0.000000000000000  0.012673861805891  0.000000000000000  0.000000000000000  0.000000000000000  0.000000000000000  0.000000000000000  0.056602123938614  0.603740295743248  0.167589073947542  0.000000000000000  0.000000000000000  0.000000000000000  0.000000000000000  0.000000000000000  0.000000000000000  1.000000000000000  0.000000000000000  0.000000000000000  0.000000000000000  0.000000000000000  0.000000000000000  1.000000000000000  0.079604842207906  1.000000000000000  0.455966582759885 
134.0    V  0.145188591490715  0.064659223844932  0.000000000000000  0.000000000000000  0.066155274679696  0.022235366581791  0.000000000000000  0.010547171758771  0.000000000000000  0.004622855553721  0.000000000000000  0.000000000000000  0.000000000000000  0.000000000000000  0.000000000000000  0.043465061615937  0.000000000000000  0.643048741715302  0.000000000000000  0.000000000000000  0.964598184584138  0.022281651833815  0.012877532577394  1.000000000000000  0.000000000000000  0.884540435331541  0.115183023274838  0.076468002570742  0.491069797631696  0.455966582759885 
135.0    G  0.049583365199446  0.000000000000000  0.000000000000000  0.009861344000876  0.000000000000000  0.579949827252717  0.000000000000000  0.000000000000000  0.000000000000000  0.000000000000000  0.000000000000000  0.000000000000000  0.000000000000000  0.011048543456040  0.339151081861918  0.010510681316577  0.000000000000000  0.000000000000000  0.000000000000000  0.000000000000000  0.990342871933025  0.000000000000000  0.009499056899868  0.000000000000000  0.000000000000000  0.000000000000000  1.000000000000000  0.070560275300383  1.000000000000000  0.488692883205403 
136.0    N  0.064883704408941  0.000000000000000  0.278355404557172  0.232935107326193  0.000000000000000  0.005295563776563  0.000000000000000  0.004428396143666  0.009800017222820  0.000000000000000  0.013592927386073  0.077858588473092  0.000000000000000  0.166316130135086  0.030227385300435  0.004789198672083  0.046941247716904  0.064704057740086  0.000000000000000  0.000000000000000  1.000000000000000  0.000000000000000  0.000000000000000  0.000000000000000  0.000000000000000  0.461691155364697  0.538493188096524  0.070364911633548  1.000000000000000  0.482299092292069 
137.0    I  0.000000000000000  0.000000000000000  0.000000000000000  0.000000000000000  0.004655010056930  0.000000000000000  0.000000000000000  0.634635443009902  0.000000000000000  0.073454770526236  0.013965393161825  0.000000000000000  0.000000000000000  0.086269834587289  0.000000000000000  0.030081076346930  0.120324305387719  0.036574957546081  0.000000000000000  0.000000000000000  1.000000000000000  0.000000000000000  0.000000000000000  0.000000000000000  0.000000000000000  0.475000191437443  0.525222272005377  0.070462525759089  1.000000000000000  0.492774668469685 
138.0    Y  0.043404847992660  0.119991157629863  0.000000000000000  0.000000000000000  0.054749894691695  0.000000000000000  0.023163547028169  0.000000000000000  0.000000000000000  0.007109678313132  0.013630667277668  0.000000000000000  0.000000000000000  0.000000000000000  0.000000000000000  0.000000000000000  0.011048543456040  0.000000000000000  0.000000000000000  0.726986258660155  1.000000000000000  0.000000000000000  0.000000000000000  0.000000000000000  0.000000000000000  1.000000000000000  0.000000000000000  0.070364911633548  1.000000000000000  0.498615625676035 
139.0    R  0.000000000000000  0.000000000000000  0.000000000000000  0.000000000000000  0.000000000000000  0.010173782731008  0.000000000000000  0.000000000000000  0.432868282759829  0.082070070339009  0.000000000000000  0.007927051145163  0.000000000000000  0.016493026838093  0.426613049056034  0.013148116910709  0.005273585879386  0.000000000000000  0.005448217446681  0.000000000000000  1.000000000000000  0.000000000000000  0.000000000000000  0.000000000000000  0.000000000000000  0.000000000000000  0.000000000000000  0.071644511608024  1.000000000000000  1.000000000000000 
140.0    R  0.063636574985289  0.000000000000000  0.023748825881274  0.022235366581791  0.000000000000000  0.041463910643661  0.000000000000000  0.000000000000000  0.105623298051564  0.017313005435389  0.000000000000000  0.015176679617838  0.000000000000000  0.217035056900261  0.465224828851508  0.006834255975827  0.021657341963288  0.000000000000000  0.000000000000000  0.000000000000000  1.000000000000000  0.000000000000000  0.000000000000000  0.000000000000000  0.000000000000000  0.000000000000000  0.000000000000000  0.071495685825238  1.000000000000000  1.000000000000000 
141.0    W  0.000000000000000  0.000000000000000  0.000000000000000  0.000000000000000  0.000000000000000  0.025050791543731  0.000000000000000  0.000000000000000  0.000000000000000  0.000000000000000  0.000000000000000  0.000000000000000  0.000000000000000  0.000000000000000  0.000000000000000  0.019613624863791  0.000000000000000  0.000000000000000  0.955282936382437  0.000000000000000  1.000000000000000  0.000000000000000  0.000000000000000  0.000000000000000  0.000000000000000  0.000000000000000  0.000000000000000  0.070609200910633  1.000000000000000  1.000000000000000 
142.0    I  0.000000000000000  0.000000000000000  0.000000000000000  0.006929658634001  0.016401823181610  0.000000000000000  0.000000000000000  0.597909898388062  0.000000000000000  0.007888682012474  0.024791682599723  0.011915637916065  0.000000000000000  0.000000000000000  0.007139308204917  0.010488847677971  0.000000000000000  0.252262908461170  0.000000000000000  0.064212589961185  0.984866442895551  0.014905617977306  0.000000000000000  1.000000000000000  0.000000000000000  0.000000000000000  0.000000000000000  0.070609200910633  0.492774668469685  1.000000000000000 
143.0    Q  0.000000000000000  0.000000000000000  0.007817917089551  0.000000000000000  0.012006837353813  0.000000000000000  0.000000000000000  0.647970482716667  0.000000000000000  0.140242935066311  0.000000000000000  0.026774436086518  0.000000000000000  0.022639721164920  0.000000000000000  0.006977858221506  0.030755750688556  0.104603280335424  0.000000000000000  0.000000000000000  1.000000000000000  0.000000000000000  0.000000000000000  0.000000000000000  0.000000000000000  0.000000000000000  0.000000000000000  0.070072879876782  1.000000000000000  1.000000000000000 
144.0    L  0.003374758544532  0.000000000000000  0.010294374622923  0.178500497460633  0.005501344636375  0.000000000000000  0.023019495090883  0.045531222309313  0.013602352551502  0.504525816922341  0.026998068356259  0.017074652173452  0.004690638388614  0.080214118597682  0.018814646581741  0.010738974184156  0.031840349894273  0.004713452811409  0.020703234641331  0.000000000000000  1.000000000000000  0.000000000000000  0.000000000000000  0.000000000000000  0.000000000000000  0.000000000000000  0.000000000000000  0.069878865685366  1.000000000000000  1.000000000000000 
145.0    G  0.315563008028029  0.000000000000000  0.000000000000000  0.010813669656652  0.000000000000000  0.642157904494713  0.000000000000000  0.000000000000000  0.000000000000000  0.008543245761599  0.000000000000000  0.000000000000000  0.000000000000000  0.000000000000000  0.002833891030926  0.019887420863687  0.000000000000000  0.000000000000000  0.000000000000000  0.000000000000000  1.000000000000000  0.000000000000000  0.000000000000000  0.000000000000000  0.000000000000000  0.000000000000000  0.000000000000000  0.069878865685366  1.000000000000000  1.000000000000000 
146.0    L  0.059746582349609  0.022081775685668  0.007149212250999  0.000000000000000  0.030819772015417  0.000000000000000  0.000000000000000  0.019613624863791  0.000000000000000  0.748461493396346  0.089498046325071  0.000000000000000  0.000000000000000  0.000000000000000  0.000000000000000  0.013649576498698  0.000000000000000  0.000000000000000  0.008783429092020  0.000000000000000  1.000000000000000  0.000000000000000  0.000000000000000  0.000000000000000  0.000000000000000  0.000000000000000  0.000000000000000  0.069782060123911  1.000000000000000  1.000000000000000 
147.0    Q  0.000000000000000  0.000000000000000  0.000000000000000  0.035378090690959  0.000000000000000  0.023699492896476  0.000000000000000  0.000000000000000  0.049480366616954  0.033960464453939  0.055245470691479  0.437089310205187  0.000000000000000  0.187764990867616  0.082469244423306  0.026332713421973  0.057951909152216  0.000000000000000  0.000000000000000  0.010547171758771  1.000000000000000  0.000000000000000  0.000000000000000  0.000000000000000  0.000000000000000  0.000000000000000  0.000000000000000  0.069782060123911  1.000000000000000  1.000000000000000 
148.0    K  0.048394939240826  0.000000000000000  0.000000000000000  0.163912751776956  0.000000000000000  0.018710604759671  0.043164826504496  0.000000000000000  0.554016173932463  0.000000000000000  0.000000000000000  0.048194088293998  0.000000000000000  0.006886563733650  0.082013203411998  0.021567458646822  0.000000000000000  0.000000000000000  0.000000000000000  0.013340901787363  0.977385766410805  0.000000000000000  0.022421086478230  0.000000000000000  0.000000000000000  0.000000000000000  0.000000000000000  0.069588851139293  1.000000000000000  1.000000000000000 
149.0    C  0.000000000000000  0.125520942904872  0.000000000000000  0.000000000000000  0.000000000000000  0.050171086794747  0.000000000000000  0.361984543094890  0.000000000000000  0.166085726762064  0.036829356494115  0.000000000000000  0.000000000000000  0.000000000000000  0.014477938467037  0.000000000000000  0.000000000000000  0.239982315259727  0.004842608202887  0.000000000000000  1.000000000000000  0.000000000000000  0.000000000000000  0.000000000000000  0.000000000000000  0.000000000000000  1.000000000000000  0.069108165832517  1.000000000000000  0.490389501994276 
150.0    V  0.100342173589494  0.000000000000000  0.000000000000000  0.010613174098039  0.000000000000000  0.000000000000000  0.005582008358364  0.089560103148319  0.000000000000000  0.017098339082199  0.012344395497865  0.000000000000000  0.000000000000000  0.063197005053207  0.098550021757035  0.000000000000000  0.000000000000000  0.602486157497393  0.000000000000000  0.000000000000000  1.000000000000000  0.000000000000000  0.000000000000000  0.000000000000000  0.000000000000000  0.000000000000000  1.000000000000000  0.069108165832517  1.000000000000000  0.490389501994276 
151.0    R  0.014209503934386  0.000000000000000  0.000000000000000  0.000000000000000  0.000000000000000  0.025916235806701  0.087352935740692  0.000000000000000  0.316000774613202  0.000000000000000  0.000000000000000  0.021959667190730  0.000000000000000  0.138312169136534  0.375790369516391  0.016042024151875  0.004355336791905  0.000000000000000  0.000000000000000  0.000000000000000  0.796640096285583  0.203626890767554  0.000000000000000  0.571173123424273  0.428985265214345  0.000000000000000  1.000000000000000  0.073251392729657  0.368056715542045  0.490389501994276 
152.0    M  0.060120465916548  0.014578640492763  0.000000000000000  0.000000000000000  0.016781319869064  0.000000000000000  0.061213768599183  0.056367211148891  0.000000000000000  0.062934721878545  0.648869383469592  0.000000000000000  0.000000000000000  0.000000000000000  0.013621222492767  0.037034149091924  0.017133931071686  0.011517728260087  0.000000000000000  0.000000000000000  0.901250462610830  0.098823639575493  0.000000000000000  1.000000000000000  0.000000000000000  0.000000000000000  1.000000000000000  0.073149915092162  0.415522930796824  0.490389501994276 
153.0    Y  0.065561832973434  0.000000000000000  0.030628106729433  0.000000000000000  0.061213768599183  0.047202268298838  0.121750533567905  0.080996310339583  0.026042287723726  0.000000000000000  0.000000000000000  0.000000000000000  0.000000000000000  0.000000000000000  0.039996012932635  0.000000000000000  0.000000000000000  0.000000000000000  0.000000000000000  0.526680517977418  1.000000000000000  0.000000000000000  0.000000000000000  0.000000000000000  0.000000000000000  1.000000000000000  0.000000000000000  0.069108165832517  1.000000000000000  0.490389501994276 
154.0    N  0.053142135004012  0.022734073181793  0.000000000000000  0.032374461361251  0.000000000000000  0.061213768599183  0.000000000000000  0.005659930291230  0.015441963304699  0.002266999832781  0.000000000000000  0.130308220105140  0.021914050791288  0.027469986278493  0.113282742283417  0.438910898804760  0.046327094056339  0.029157280985525  0.000000000000000  0.000000000000000  1.000000000000000  0.000000000000000  0.000000000000000  0.000000000000000  0.000000000000000  0.000000000000000  0.000000000000000  0.068678388598555  1.000000000000000  1.000000000000000 
155.0    P  0.000000000000000  0.000000000000000  0.000000000000000  0.000000000000000  0.000000000000000  0.000000000000000  0.000000000000000  0.000000000000000  0.062197482613755  0.016042024151875  0.000000000000000  0.000000000000000  0.886996305152150  0.000000000000000  0.000000000000000  0.023308500417054  0.011218316489246  0.000000000000000  0.000000000000000  0.000000000000000  1.000000000000000  0.000000000000000  0.000000000000000  0.000000000000000  0.000000000000000  0.000000000000000  0.000000000000000  0.072997962163320  1.000000000000000  1.000000000000000 
156.0    T  0.026534257701464  0.005451995172352  0.000000000000000  0.023831275832129  0.000000000000000  0.158109942794242  0.000000000000000  0.015690117863109  0.046908721797324  0.000000000000000  0.000000000000000  0.014288517023436  0.065335006262823  0.005150756306611  0.042985681816867  0.017098339082199  0.096991356784357  0.481630947010074  0.000000000000000  0.000000000000000  0.816203046150902  0.015187202937209  0.168520966467132  0.125000000000000  0.874784764905822  0.000000000000000  0.000000000000000  0.083504629899381  0.494142825750366  1.000000000000000 
157.0    N  0.000000000000000  0.029769937438873  0.033913417871306  0.000000000000000  0.000000000000000  0.032017400719775  0.000000000000000  0.000000000000000  0.100551046367739  0.000000000000000  0.000000000000000  0.253314225039771  0.015733680469636  0.000000000000000  0.000000000000000  0.519429551648832  0.015166163590149  0.000000000000000  0.000000000000000  0.000000000000000  1.000000000000000  0.000000000000000  0.000000000000000  0.000000000000000  0.000000000000000  1.000000000000000  0.000000000000000  0.126481650128366  1.000000000000000  0.397768241877459 
158.0    I  0.166893537911988  0.000000000000000  0.000000000000000  0.000000000000000  0.000000000000000  0.000000000000000  0.000000000000000  0.545631938527468  0.041810236087066  0.000000000000000  0.000000000000000  0.000000000000000  0.171942727267468  0.000000000000000  0.000000000000000  0.000000000000000  0.000000000000000  0.073607674349686  0.000000000000000  0.000000000000000  1.000000000000000  0.000000000000000  0.000000000000000  0.000000000000000  0.000000000000000  0.000000000000000  0.000000000000000  0.088265900274047  1.000000000000000  1.000000000000000 
159.0    L  0.000000000000000  0.000000000000000  0.000000000000000  0.012762015486094  0.009439983151484  0.000000000000000  0.000000000000000  0.071051060827251  0.000000000000000  0.583983697306559  0.115183023274838  0.000000000000000  0.000000000000000  0.071495685825238  0.000000000000000  0.000000000000000  0.009232902710425  0.113676031475092  0.013303964183577  0.000000000000000  0.969961910341735  0.029852591761951  0.000000000000000  1.000000000000000  0.000000000000000  0.000000000000000  0.000000000000000  0.089126607335259  0.473685035299634  1.000000000000000 
160.0    D  0.015155654849090  0.000000000000000  0.594603557501361  0.023373214974412  0.000000000000000  0.000000000000000  0.000000000000000  0.000000000000000  0.000000000000000  0.074273944066058  0.000000000000000  0.172061950198837  0.012762015486094  0.064480198706335  0.000000000000000  0.015197733553317  0.020545980628204  0.000000000000000  0.000000000000000  0.007380836257791  1.000000000000000  0.000000000000000  0.000000000000000  0.000000000000000  0.000000000000000  0.000000000000000  0.000000000000000  0.089126607335259  1.000000000000000  1.000000000000000 
161.0    V  0.000000000000000  0.000000000000000  0.000000000000000  0.000000000000000  0.012762015486094  0.000000000000000  0.000000000000000  0.701735863019538  0.000000000000000  0.035698320214017  0.076733480244691  0.000000000000000  0.000000000000000  0.000000000000000  0.029852591761951  0.000000000000000  0.029584800976147  0.113833729198997  0.000000000000000  0.000000000000000  1.000000000000000  0.000000000000000  0.000000000000000  0.000000000000000  0.000000000000000  0.000000000000000  0.000000000000000  0.089126607335259  1.000000000000000  1.000000000000000 
162.0    K  0.000000000000000  0.000000000000000  0.000000000000000  0.000000000000000  0.000000000000000  0.029852591761951  0.071396640428034  0.000000000000000  0.479632059662632  0.000000000000000  0.000000000000000  0.000000000000000  0.000000000000000  0.000000000000000  0.398596238270268  0.005388128600887  0.000000000000000  0.000000000000000  0.015345931175990  0.000000000000000  1.000000000000000  0.000000000000000  0.000000000000000  0.000000000000000  0.000000000000000  0.000000000000000  0.000000000000000  0.089188406607367  1.000000000000000  1.000000000000000 
163.0    Q  0.000000000000000  0.000000000000000  0.012456132445946  0.000000000000000  0.000000000000000  0.000000000000000  0.000000000000000  0.000000000000000  0.000000000000000  0.000000000000000  0.000000000000000  0.000000000000000  0.008104843254419  0.950659101229818  0.029036271070341  0.000000000000000  0.000000000000000  0.000000000000000  0.000000000000000  0.000000000000000  1.000000000000000  0.000000000000000  0.000000000000000  0.000000000000000  0.000000000000000  0.000000000000000  0.000000000000000  0.089871033302935  1.000000000000000  1.000000000000000 
164.0    G  0.000000000000000  0.000000000000000  0.029036271070341  0.000000000000000  0.000000000000000  0.844400887423782  0.000000000000000  0.000000000000000  0.083736475151740  0.000000000000000  0.000000000000000  0.000000000000000  0.000000000000000  0.000000000000000  0.030543305200338  0.000000000000000  0.000000000000000  0.000000000000000  0.000000000000000  0.012456132445946  1.000000000000000  0.000000000000000  0.000000000000000  1.000000000000000  0.000000000000000  0.000000000000000  0.000000000000000  0.089871033302935  0.500000000000000  1.000000000000000 
165.0    P  0.032039601184019  0.000000000000000  0.000000000000000  0.000000000000000  0.000000000000000  0.000000000000000  0.000000000000000  0.005182988830458  0.004027219995292  0.014947002470186  0.000000000000000  0.051474438579223  0.773246337455317  0.007223931860263  0.000000000000000  0.016758072137780  0.035772630018709  0.059457392270737  0.000000000000000  0.000000000000000  1.000000000000000  0.000000000000000  0.000000000000000  0.000000000000000  0.000000000000000  0.000000000000000  0.000000000000000  0.089871033302935  1.000000000000000  1.000000000000000 
166.0    K  0.000000000000000  0.000000000000000  0.012456132445946  0.000000000000000  0.000000000000000  0.000000000000000  0.000000000000000  0.000000000000000  0.815637493339010  0.000000000000000  0.000000000000000  0.075782051191359  0.000000000000000  0.030374405874417  0.021929245719361  0.000000000000000  0.029036271070341  0.000000000000000  0.000000000000000  0.014947002470186  1.000000000000000  0.000000000000000  0.000000000000000  0.000000000000000  0.000000000000000  0.000000000000000  0.000000000000000  0.089871033302935  1.000000000000000  1.000000000000000 
167.0    E  0.000000000000000  0.000000000000000  0.007630535382517  0.930449657703015  0.000000000000000  0.000000000000000  0.000000000000000  0.000000000000000  0.040386025957422  0.000000000000000  0.000000000000000  0.007269137950805  0.000000000000000  0.000000000000000  0.014568538850576  0.000000000000000  0.000000000000000  0.000000000000000  0.000000000000000  0.000000000000000  1.000000000000000  0.000000000000000  0.000000000000000  0.000000000000000  0.000000000000000  0.000000000000000  0.000000000000000  0.094535499830248  1.000000000000000  1.000000000000000 
168.0    P  0.045060277233132  0.000000000000000  0.088265900274047  0.000000000000000  0.014568538850576  0.000000000000000  0.015570941606685  0.007427024228358  0.000000000000000  0.000000000000000  0.000000000000000  0.012015162744299  0.702709350103360  0.000000000000000  0.000000000000000  0.094863703310878  0.019668080836013  0.000000000000000  0.000000000000000  0.000000000000000  1.000000000000000  0.000000000000000  0.000000000000000  0.000000000000000  0.000000000000000  0.000000000000000  0.000000000000000  0.094535499830248  1.000000000000000  1.000000000000000 
169.0    F  0.000000000000000  0.000000000000000  0.000000000000000  0.004499561102927  0.613442488626902  0.000000000000000  0.000000000000000  0.000000000000000  0.000000000000000  0.007269137950805  0.000000000000000  0.000000000000000  0.000000000000000  0.000000000000000  0.000000000000000  0.000000000000000  0.000000000000000  0.000000000000000  0.000000000000000  0.375009747321455  1.000000000000000  0.000000000000000  0.000000000000000  1.000000000000000  0.000000000000000  0.000000000000000  0.000000000000000  0.094535499830248  1.000000000000000  1.000000000000000 
